274.15 660.70
293.51 613.02
296.17 612.52
356.84 744.11
279.82 561.47
293.17 609.37
310.61 614.88
320.21 619.91
333.83 628.02
351.79 618.39
367.58 616.01
392.32 630.79
411.55 626.08
438.83 621.61
445.72 629.91
471.40 627.12
479.69 631.92
482.36 614.42
489.56 631.29
489.56 631.29
481.45 622.36
479.94 626.50
472.50 624.61
450.24 625.57
435.32 623.82
516.53 629.71
399.16 615.36
380.14 632.09
357.25 627.89
329.83 636.96
316.19 625.34
303.14 630.89
281.97 621.30
303.56 625.01
277.87 669.60
277.87 669.60
294.17 618.38
294.29 612.54
274.13 583.18
293.51 611.63
313.91 608.32
334.67 622.07
332.23 629.86
345.26 610.93
366.43 624.17
382.65 625.49
393.67 611.03
420.04 620.76
430.73 623.86
446.86 635.04
471.85 644.22
478.97 638.28
494.48 640.91
495.04 611.69
500.73 637.39
500.73 637.39
496.52 631.16
496.29 637.28
486.56 634.83
466.48 628.25
449.30 619.16
442.38 628.13
416.51 636.79
391.63 615.11
380.14 628.35
356.25 619.59
336.35 619.91
317.74 621.87
306.33 359.33
323.60 613.72
316.49 612.57
288.52 615.54
293.86 612.95
300.11 615.31
272.82 576.89
272.82 576.89
284.64 614.48
301.74 617.31
310.53 610.29
326.56 603.33
343.96 617.80
347.26 607.08
373.59 626.41
386.04 618.15
405.72 622.40
431.31 620.10
446.41 626.44
457.45 636.74
470.57 638.32
488.17 637.00
490.23 633.65
497.75 635.16
497.75 635.16
490.03 627.30
477.11 618.87
479.00 637.06
469.59 624.17
436.19 631.35
423.78 622.37
401.96 622.66
380.28 632.19
353.31 630.97
333.23 637.90
323.38 622.25
307.86 617.44
278.72 618.26
273.83 568.65
298.67 622.16
289.89 616.61
285.31 616.46
284.26 616.17
284.26 616.17
288.54 620.04
307.09 618.08
277.42 571.62
289.94 571.18
308.00 609.77
319.94 614.01
324.32 617.93
345.21 614.42
345.94 616.92
364.63 618.33
393.18 625.54
400.15 620.83
433.04 624.66
440.40 639.01
471.04 642.63
471.99 631.33
523.56 642.57
490.73 636.26
507.54 629.96
494.08 635.16
496.43 633.58
495.59 638.06
