0.000000 0.238351
0.099833 1.911130
0.264892 -0.123798
0.427830 -1.189705
0.497121 -1.150467
0.599957 0.171030
0.637827 1.068915
0.685653 -0.068496
0.855074 -0.524510
0.975788 0.363601
0.997744 1.435927
0.970661 1.861953
0.887175 0.460641
0.874457 0.829883
0.906745 -0.996397
0.844241 1.230702
0.703675 -0.215678
0.500717 1.250007
0.540321 0.890743
0.434214 1.827961
0.446261 0.704293
0.459254 -0.971194
0.224472 0.301539
0.422062 -0.833001
0.290857 0.417431
0.101725 -0.312665
-0.018364 0.502170
-0.177600 0.250655
-0.250480 -0.354096
-0.358304 1.403231
-0.382129 -0.679835
-0.516171 -0.026282
-0.529911 -1.650204
-0.406000 1.024832
-0.531172 -0.248324
-0.606872 -0.952883
-0.654300 -0.453580
-0.593302 -0.197448
-0.661574 -0.876748
-0.734723 -0.681084
-0.678086 0.566382
-0.772282 0.980550
-0.688134 -1.692204
-0.816952 0.262119
-0.838387 -1.429031
-0.930095 -2.690967
-0.923809 -3.366873
-0.978144 1.648057
-0.978413 -0.046324
-1.000000 -2.009043
-0.999869 -0.023854
-0.988040 0.491797
-0.978501 -1.870143
-0.984561 -1.534850
-0.945725 -0.913964
-0.959912 -1.143857
-0.914356 -0.358680
-0.814864 -0.769395
-0.717862 -1.991109
-0.655830 -0.085948
-0.691376 -0.471483
-0.565236 1.137398
-0.449296 -0.912232
-0.356654 -0.031503
-0.523969 -1.214254
-0.321032 -1.144121
-0.129024 -2.159140
0.040327 0.231652
0.249563 0.473765
0.225275 0.420758
0.427707 3.013503
0.569246 0.492250
0.744513 -0.083547
0.854247 -2.211440
0.898017 0.485449
0.891226 0.749164
0.884885 -0.185368
0.955459 0.337797
0.977116 1.040195
0.999926 0.984932
0.986334 0.711212
0.978669 0.690694
0.938194 0.349279
0.923210 0.952283
0.876473 1.051004
0.753972 1.618887
0.708353 0.715368
0.428445 0.077805
0.216831 0.521571
0.021512 -0.050139
-0.185855 0.306646
-0.288446 -0.889554
-0.306811 -1.756064
-0.348950 -1.590520
-0.400911 -0.507499
-0.376032 -1.479785
-0.373758 0.016379
-0.394800 0.504488
-0.381609 -1.549557
-0.487631 -0.156730
-0.579847 0.340645
-0.621201 -0.980455
-0.593040 -1.361585
-0.747083 -1.843575
-0.898148 -0.144735
-0.904171 -0.674720
-0.924140 -0.794546
-0.907200 -0.869202
-0.885250 -1.841523
-0.900402 -1.264769
-0.935396 -1.622288
-0.970203 -1.418341
-0.950143 -0.210903
-0.981955 0.346355
-0.989438 -0.697901
-0.974739 0.101335
-0.997840 -0.867247
-0.997561 -1.580377
-0.999995 -0.905256
-0.999773 -1.016569
-0.980651 -1.294914
-0.956196 -1.445094
-0.925846 -0.566122
-0.831423 -1.207560
-0.747319 -0.343757
-0.822168 -1.839178
-0.783588 -1.396745
-0.761016 -0.535432
-0.831036 -0.257974
-0.858979 -1.465588
-0.793290 0.142814
-0.740732 0.305909
-0.775442 -1.949731
-0.675505 0.962698
-0.671635 1.278715
-0.561673 -1.035634
-0.409830 2.685937
-0.357371 -2.428088
-0.193833 0.018714
-0.072581 0.385657
0.060352 0.315333
0.200978 -1.334874
0.475219 -1.231364
0.604282 2.120723
0.639152 1.479290
0.637682 -0.964589
0.713689 0.259415
0.717107 -1.024339
0.760673 0.273922
0.788742 0.175722
0.807346 0.650951
0.838476 0.593975
0.877349 1.659523
0.943479 1.519135
0.949441 1.550122
0.997247 1.633201
0.998942 -0.529125
0.998659 1.579585
0.999824 0.255152
0.998444 0.379355
0.998649 2.101340
0.985693 1.760133
0.960462 1.325683
0.894378 0.056269
0.841643 0.736810
0.779810 0.215431
0.733852 1.681868
0.761458 2.271389
0.697727 0.719057
0.546047 0.293378
0.457056 1.877187
0.325210 -0.578831
0.152898 -0.123661
0.155483 1.287300
0.228617 -0.467802
-0.027208 -0.505272
-0.290504 -1.049303
-0.401197 0.603466
-0.580149 -2.111884
-0.615336 -1.111668
-0.807716 0.233408
-0.876446 -1.100124
-0.850112 -0.491348
-0.807181 -1.806873
-0.845980 -1.357356
-0.908112 -0.070762
-0.940834 -1.798184
-0.941324 -1.950031
-0.972833 -1.487419
-0.995508 -1.612875
-0.999963 -2.952901
-0.998993 -1.264465
-0.997046 -0.893600
-0.930662 -1.487932
-0.917228 -1.309378
-0.846780 -1.905625
-0.820892 -0.453599
-0.772030 -0.856666
-0.805595 -0.528971
-0.712502 -0.190830
-0.607798 -0.992212
-0.429061 -0.143338
-0.378548 -1.139375
-0.068158 0.733610
-0.011749 -0.362893
0.291811 1.490394
0.510929 1.057454
0.397347 -0.933771
0.424709 1.590809
0.358976 0.733263
0.347328 0.265763
0.382336 1.585869
0.565180 1.485415
0.640276 1.107243
0.763915 -0.136980
0.803849 0.964010
0.809572 1.271223
0.872823 1.309392
0.959732 -0.780983
0.981214 0.777276
0.998713 0.579455
0.990722 0.219421
0.991903 2.456466
0.936784 1.179897
0.954851 -0.146882
0.889189 0.381523
0.817124 0.144162
0.739790 1.746454
0.672873 0.187532
0.485292 -1.224213
0.528231 -0.130951
0.500776 2.374917
0.388740 -0.174984
0.326393 -0.480899
0.218078 0.740387
0.255447 1.340068
0.356554 -0.593015
0.308946 -1.137890
0.293299 0.497558
0.309241 0.337518
0.379729 0.355227
0.300264 0.653605
0.224003 -0.409587
0.164982 -1.709015
0.021308 -0.253155
0.025912 1.285839
-0.180867 0.099696
-0.239063 -0.337953
-0.419054 -3.476579
-0.599376 -0.057459
-0.626983 -1.021897
-0.679607 -1.968621
-0.777403 -2.508277
-0.806568 1.181312
-0.789103 1.056076
-0.912389 -1.618191
-0.976325 -0.337737
-0.999949 -1.503638
-0.998526 -1.608823
-0.999670 -0.925249
-0.998191 -1.124642
-0.994181 -2.032554
-0.997929 -2.989937
-0.991845 -0.287603
-0.977126 -2.542029
-0.976315 0.838102
-0.968562 0.291120
-0.947214 -0.583811
-0.894108 -0.553553
-0.783116 1.021766
-0.653680 -0.748169
-0.476037 0.199635
-0.292896 0.715792
-0.199247 0.638067
0.005252 1.173380
0.110585 -1.648434
0.212300 1.021337
0.193045 0.482065
0.325263 1.870566
0.438690 -0.267666
0.640104 2.127379
0.669534 1.716339
0.709520 3.233778
0.824920 2.650654
0.759907 1.702072
0.834133 1.287172
0.851768 -0.497558
0.944946 0.474594
0.989944 2.237545
0.987490 0.532938
0.999991 3.732677
0.994069 0.758523
0.968751 2.200379
0.962037 1.420605
0.921071 1.325210
0.791562 -0.229165
0.610030 0.868104
0.577088 1.437626
0.157605 -0.097147
-0.126773 1.094930
-0.285018 0.678536
-0.376670 0.350808
-0.504433 -1.888364
-0.656241 0.641300
-0.744979 -2.154002
-0.753658 0.706606
-0.887427 -1.406373
-0.959757 -1.630007
-0.979457 -2.234701
-0.998279 0.271073
-0.995416 -0.654398
-0.989696 -2.033124
-0.975806 1.292468
-0.868273 -1.743031
-0.837414 -0.391722
-0.683710 -2.687318
-0.671906 -2.540825
-0.566324 -2.345545
-0.576966 0.659927
-0.488529 -1.924753
-0.554453 -1.271585
-0.218215 -0.152240
-0.327368 0.358240
-0.112447 0.200541
0.079722 1.811922
0.052534 -1.595593
-0.014614 -0.441216
-0.012997 0.804060
-0.004223 0.401234
0.099251 0.787391
0.277201 0.108592
0.276242 -0.338396
0.231092 0.231515
0.220385 1.193040
0.272103 0.125250
0.517556 0.753913
0.478006 0.097146
0.588885 0.533076
0.593101 -0.095447
0.644450 0.188508
0.686658 0.122522
0.747970 -1.574919
0.767957 1.026131
0.879105 1.585678
0.921686 2.124099
0.985813 1.326254
0.998329 1.903812
0.993798 1.795115
0.996316 1.838928
0.979934 -0.194480
0.974262 1.936988
0.940348 0.669034
0.936577 0.381517
0.914981 2.528133
0.881842 -0.948843
0.850156 1.612868
0.815601 -1.199562
0.782927 1.283969
0.733956 0.954644
0.677269 1.140381
0.695582 -0.607146
0.729605 1.333266
0.683715 -0.491261
0.521818 0.902736
0.369093 -0.163632
0.226326 1.514816
-0.002452 0.355778
-0.072979 -1.872997
-0.203242 1.562640
-0.433137 -0.178843
-0.401854 -0.709528
-0.627768 -2.076248
-0.693001 -2.554030
-0.803320 -1.073922
-0.841493 -0.140175
-0.886166 -1.603704
-0.933317 -0.969406
-0.999247 0.052213
-0.996446 -0.954030
-0.937295 -0.325047
-0.939976 -1.785669
-0.937063 -1.977496
-0.993580 -1.734844
-0.999994 -0.853974
-0.999960 -1.467877
-0.951847 -0.575484
-0.964644 0.297819
-0.867866 -1.114430
-0.862116 -0.287390
-0.757227 -0.229232
-0.732141 -0.279122
-0.637281 0.000800
-0.453598 -0.018076
-0.382067 1.085078
-0.471460 2.374322
-0.431575 -2.077331
-0.373515 1.251043
-0.364267 0.390993
-0.181424 -0.852009
-0.142796 -0.572240
-0.001188 -0.016549
-0.147459 -1.854365
0.192154 -0.226851
0.302660 -0.050701
0.352436 1.525971
0.474301 1.973525
0.592471 1.229719
0.659888 -0.353253
0.742574 0.103469
0.844549 1.529850
0.902691 1.331763
0.962198 0.380656
0.974171 -0.683389
0.953975 -0.427160
0.987995 0.830942
0.997997 0.263923
0.992406 1.264187
0.961271 0.032496
0.963828 0.829738
0.914591 2.660719
0.827515 2.191049
0.681569 -0.612635
0.557742 -0.364880
0.458713 0.160636
0.274060 -0.709600
0.185228 0.421453
-0.042469 0.958177
-0.139699 0.796194
-0.267916 -2.445471
-0.353823 -0.844283
-0.338755 -1.213601
-0.357333 -1.020688
-0.412793 2.267397
-0.596399 0.101598
-0.665168 -2.131001
-0.663201 -2.086890
-0.689287 -0.368819
-0.835459 -0.970510
-0.936901 -0.630555
-0.968325 -1.558654
-0.968853 -0.427069
-0.974387 0.735635
-0.996247 -2.401114
-0.995297 -1.268298
-0.980417 -1.049448
-0.991172 -1.979245
-0.930755 -1.279855
-0.892916 0.434345
-0.896626 -1.992016
-0.858677 -0.939353
-0.800705 -0.080145
-0.739588 -1.107616
-0.641070 -0.565507
-0.501895 -0.104560
-0.342334 0.354619
-0.057116 -0.223269
0.015230 -1.139871
0.036765 0.019591
0.019367 1.368177
0.290831 2.918151
0.306702 1.241189
0.401902 -1.003441
0.546296 0.489197
0.686746 1.056070
0.804853 0.375327
0.864795 1.103203
0.908026 -0.326202
0.952630 -2.011824
0.992723 0.467823
0.972656 2.109745
0.881898 0.401685
0.881079 2.621658
0.771257 0.562697
0.714701 1.992491
0.653144 -0.041298
0.625128 0.793773
0.405367 1.151562
0.179930 0.619438
-0.025999 0.792018
-0.216868 0.379013
-0.407278 -0.027116
-0.400007 -1.292996
-0.541628 -0.204865
-0.497224 -1.771596
-0.573729 0.862060
-0.649048 -0.602003
-0.791902 -1.006730
-0.855850 -1.058610
-0.801380 0.137361
-0.913708 -1.616355
-0.971796 -2.170344
-0.998898 -2.253938
-0.974003 -1.154849
-0.880139 -2.307831
-0.832249 -0.677497
-0.771615 -1.128149
-0.618002 1.201303
-0.414768 -2.326178
-0.480808 -0.303851
-0.466474 0.267093
-0.229939 0.078281
-0.099734 0.152931
-0.164846 0.065555
-0.097032 -1.371237
0.031274 -0.044568
0.193221 0.373830
0.277186 0.557942
0.420523 0.135907
0.454832 0.448637
0.685601 1.200745
0.834409 1.934667
0.898902 2.149737
0.922376 1.013464
0.942167 -0.505053
0.950118 0.921352
0.999998 0.965972
0.999540 -0.714892
0.999235 1.510824
0.998521 1.106893
0.999867 0.680118
0.999521 1.891506
0.987765 2.364569
0.906551 2.185066
0.897604 0.840269
0.888989 0.185256
0.841310 2.398266
0.795580 1.182292
0.821015 1.619554
0.834681 0.532515
0.844584 1.231375
0.881080 1.240457
0.858200 1.265101
0.856908 0.265503
0.799524 1.545209
0.686554 0.885719
0.510983 0.991726
0.394514 -0.416440
0.123472 -0.965666
-0.103792 1.226781
-0.188122 0.924617
-0.231487 -1.336989
-0.394226 -1.414308
-0.372421 -0.363948
-0.455385 -0.335415
-0.572703 0.122382
-0.781524 -1.088460
-0.912229 -2.212469
-0.947091 -2.978534
-0.996274 0.152605
-0.987898 -1.953700
-0.999385 -0.996657
-0.999936 0.156385
-0.998332 -2.771617
-0.996970 -0.294286
-0.970295 -0.091489
-0.982869 0.529769
-0.943002 -0.606362
-0.882337 0.790502
-0.855724 -0.204463
-0.765613 -1.653891
-0.609636 -0.786519
-0.482580 -1.622690
-0.429219 0.636420
-0.329188 1.211296
-0.434646 0.971341
-0.455523 -0.072533
-0.286291 -0.587666
-0.063481 0.387057
0.075316 -0.734793
0.294574 0.050221
0.394153 -0.570396
0.382168 -0.088975
0.432449 -0.055115
0.606309 0.536489
0.613979 0.704889
0.801042 -0.442985
0.881869 0.801629
0.967915 -1.011283
0.971721 0.914021
0.972550 0.855714
0.987443 1.384991
0.999817 0.892775
0.983271 1.287084
0.926754 1.037589
0.925029 2.931588
0.817193 -0.381686
0.844771 1.122666
0.668526 0.202055
0.660926 0.038411
0.577123 1.011011
0.387886 0.486888
0.307788 0.826873
0.068857 1.801540
0.007242 -0.304325
-0.112150 -0.671727
-0.131781 -1.774467
-0.283215 -0.838641
-0.581089 0.799688
-0.762549 -1.262048
-0.863208 -1.425594
-0.977180 -0.552973
-0.988403 -1.704985
-0.995879 -1.249163
-0.993776 -2.399401
-0.976298 -0.273880
-0.980721 -0.759052
-0.959455 -0.468103
-0.915773 -1.300819
-0.931290 -2.108459
-0.910954 0.739476
-0.860790 1.184908
-0.837432 -0.213144
-0.827708 0.092760
-0.740471 -2.006128
-0.711569 -1.211274
-0.629214 0.135932
-0.453844 -1.119567
-0.383707 -0.317324
-0.279010 0.620254
-0.495913 0.960570
-0.502651 -1.028377
-0.459802 -1.525812
-0.120480 0.863536
-0.191262 -1.649167
-0.066849 1.549831
0.047931 0.948349
0.070937 0.067536
0.119582 -1.398636
0.310172 -0.079412
0.430666 0.983400
0.520368 1.947874
0.689506 -1.241507
0.618338 0.431253
0.726241 1.922161
0.698081 2.845918
0.699582 0.515993
0.735716 -0.321671
0.761760 0.323258
0.804341 -1.436650
0.909874 0.601124
0.944731 1.394900
0.979648 2.256217
0.997202 0.936321
0.998228 0.927961
0.944777 1.420744
0.874931 0.930513
0.842054 1.086122
0.665249 0.878057
0.619426 -0.277914
0.464097 -0.259475
0.338880 0.908827
0.092546 0.254821
-0.065834 0.135147
-0.358962 0.268096
-0.429587 -0.798234
-0.616445 -0.413415
-0.606230 -1.400013
-0.598198 -0.180908
-0.699171 -2.676263
-0.888290 -1.542985
-0.893831 -0.570570
-0.928022 -0.460520
-0.941229 0.946743
-0.996239 -1.821401
-0.999996 -1.661717
-0.995405 -0.433095
-0.994297 -0.477407
-0.990011 -0.554187
-0.997250 -0.197092
-0.989476 -1.132372
-0.948750 -1.638597
-0.937128 -0.358713
-0.910341 -1.597264
-0.958140 0.466251
-0.916064 -1.606402
-0.794700 -0.977707
-0.724177 0.191493
-0.547273 -1.530207
-0.424551 0.498022
-0.502863 -1.830854
-0.358209 0.509557
-0.324730 -0.984925
-0.143002 0.507033
-0.091045 0.697013
-0.135722 1.991006
-0.032167 0.820754
0.079097 -0.058999
0.291230 0.620990
0.337852 -0.686597
0.455213 0.175200
0.549946 0.698210
0.563421 0.910577
0.679832 -1.013196
0.737346 0.801093
0.809728 0.515130
0.848511 0.068176
0.922128 -0.231300
0.912863 -0.736279
0.971634 -0.928865
0.992020 0.371743
0.998521 -0.510727
0.999700 1.457665
0.993068 0.106285
0.999636 1.645418
0.999532 0.744028
0.995668 -0.608432
0.962949 0.906040
0.928328 1.688166
0.857600 1.123755
0.741154 0.918173
0.616709 0.066219
0.658620 0.663274
0.553580 -0.006976
0.248278 1.242008
0.364844 0.279756
0.257783 -1.113434
0.182155 0.098003
-0.165619 -1.206169
-0.199808 -0.277393
-0.292933 0.402598
-0.334561 -0.723470
-0.312274 1.539872
-0.357855 0.808257
-0.542512 0.924857
-0.608131 -1.863930
-0.778467 -0.175194
-0.856600 -1.206216
-0.933315 2.192203
-0.854387 -0.071039
-0.849062 -2.773947
-0.953156 -1.662907
-0.947720 -1.202673
-0.982196 -1.887474
-0.982510 -1.667797
-0.999952 -2.001450
-0.999984 -0.286920
-0.977262 -2.875693
-0.992449 -0.793527
-0.998550 -1.076211
-0.997385 -0.706234
-0.974344 -2.654960
-0.913931 -0.927799
-0.911943 0.274290
-0.780402 -0.619897
-0.621001 -0.341208
-0.487439 -0.955480
-0.294947 0.325381
-0.112328 0.313162
0.115425 -0.617997
0.046390 0.699512
0.242248 -1.089886
0.339613 0.941784
0.385423 -2.478018
0.623285 0.965377
0.636279 -0.843709
0.725442 1.466555
0.821221 0.908040
0.856472 -0.568372
0.930376 0.292910
0.931055 0.557821
0.860389 1.770148
0.896622 1.262969
0.922577 1.148273
0.968529 -0.880218
0.981440 2.112063
0.999645 3.782393
0.993979 0.970747
0.996118 1.574343
0.953250 1.779118
0.896419 1.513786
0.868960 -0.242339
0.860165 2.995481
0.866658 0.256571
0.730252 1.883856
0.628441 0.812995
0.538984 0.581124
0.455539 0.996295
0.449341 -0.906014
0.313243 -0.014539
0.353846 -0.275232
