-0.088230	-0.088230	0.005256
-0.111642	-0.023412	0.013860
-0.050331	0.061311	0.014032
0.063967	0.114297	0.009335
0.138945	0.074978	0.006652
0.199559	0.060614	0.011362
0.174863	-0.024696	0.005006
0.139109	-0.035754	0.002981
0.071868	-0.067241	0.008982
-0.000399	-0.072267	0.009044
-0.004122	-0.003723	0.010377
0.040465	0.044587	0.008779
0.022620	-0.017845	0.009280
-0.008359	-0.030979	0.008650
-0.013676	-0.005317	0.006966
-0.003655	0.010021	0.006238
0.195168	0.198823	0.013373
0.382683	0.187515	-0.000294
0.544687	0.162004	0.003699
0.669762	0.125075	0.009061
0.729131	0.059369	0.005508
0.787800	0.058668	0.017696
0.777871	-0.009929	0.003505
0.742144	-0.035727	0.005998
0.489212	-0.252932	0.017900
0.158080	-0.331132	0.010941
-0.187186	-0.345266	0.006422
-0.480636	-0.293450	0.012867
-0.747275	-0.266639	0.008022
-0.954727	-0.207453	0.010307
-1.120935	-0.166208	0.007232
-1.210403	-0.089468	0.005917
-1.267673	-0.057270	0.014721
-1.282094	-0.014421	0.009353
-1.258083	0.024011	0.011813
-1.200059	0.058024	0.009685
-1.099894	0.100165	0.006556
-0.917168	0.182726	0.012854
-0.717506	0.199661	0.005708
-0.516844	0.200662	0.015211
-0.193779	0.323065	0.005404
0.143040	0.336819	0.005506
0.408442	0.265402	0.010322
0.622301	0.213859	0.010152
0.833241	0.210940	0.010935
1.030508	0.197267	0.006772
1.204074	0.173566	0.010966
1.370184	0.166110	0.010772
1.394955	0.024771	0.013445
1.398608	0.003653	0.014903
1.378641	-0.019966	0.009239
1.283223	-0.095418	0.009340
1.113830	-0.169393	0.015436
0.911869	-0.201961	0.000797
0.649353	-0.262515	0.013705
0.367333	-0.282021	0.002222
0.052064	-0.315269	0.012518
-0.266308	-0.318372	0.005433
-0.491952	-0.225644	0.010919
-0.670613	-0.178662	0.013345
-0.827983	-0.157370	0.012673
-0.931970	-0.103987	0.005055
-1.023509	-0.091539	0.011349
-1.104053	-0.080544	0.009031
-1.150266	-0.046213	0.009804
-1.125704	0.024561	0.013894
-0.982708	0.142996	0.007339
-0.826296	0.156412	0.011117
-0.633223	0.193073	0.004505
-0.393665	0.239557	0.009097
-0.071560	0.322106	0.012761
0.284811	0.356371	0.010135
0.639803	0.354992	0.007820
0.951826	0.312024	0.014807
1.163090	0.211264	0.011507
1.351471	0.188381	0.006746
1.526127	0.174655	0.014450
1.664664	0.138537	0.007942
1.778493	0.113829	0.009745
1.886405	0.107912	0.015391
1.971847	0.085442	0.009256
1.982944	0.011097	0.017586
1.910363	-0.072581	0.016758
1.793891	-0.116472	0.016604
1.668744	-0.125148	0.009379
1.527733	-0.141010	0.011101
1.386253	-0.141480	0.012242
1.205206	-0.181047	0.016627
1.009915	-0.195291	0.008679
0.810027	-0.199888	0.018706
0.602520	-0.207507	0.011070
0.388122	-0.214398	0.008036
0.112494	-0.275628	0.011058
-0.190877	-0.303371	0.010867
-0.435104	-0.244226	0.012219
-0.638736	-0.203633	0.012503
-0.735203	-0.096467	0.007974
-0.764433	-0.029229	0.003823
-0.759822	0.004611	0.008852
-0.691777	0.068045	0.008931
-0.580518	0.111259	0.012431
-0.443086	0.137432	0.008308
-0.248035	0.195051	0.010438
0.038684	0.286719	0.008288
0.244232	0.205549	0.007462
0.375864	0.131632	0.005093
0.502863	0.126998	0.005196
0.545475	0.042613	0.006592
0.550708	0.005233	0.009110
0.494970	-0.055738	-0.001600
0.347574	-0.147396	0.006293
0.124205	-0.223368	0.011136
-0.100352	-0.224557	0.005742
-0.275590	-0.175238	0.002847
-0.445236	-0.169646	0.006872
-0.603112	-0.157876	0.017031
-0.688113	-0.085001	0.011797
-0.742132	-0.054020	0.014050
-0.792594	-0.050462	0.013102
-0.747082	0.045512	0.007208
-0.637000	0.110082	0.014380
-0.520644	0.116355	0.009318
-0.211584	0.309060	0.004123
0.106373	0.317957	0.006655
0.310123	0.203750	0.013248
0.465438	0.155315	0.010917
0.618142	0.152704	0.007108
0.763140	0.144998	0.005274
0.877132	0.113992	0.015625
0.963780	0.086648	0.007845
0.982953	0.019173	0.002286
0.993268	0.010315	0.009272
0.945016	-0.048253	0.016134
0.820504	-0.124512	0.009051
0.604479	-0.216025	0.010922
0.358745	-0.245734	0.001798
0.075912	-0.282833	-0.001180
-0.227071	-0.302982	0.006718
-0.501781	-0.274711	0.006522
-0.745902	-0.244120	0.009364
-0.900973	-0.155071	0.015153
-1.014179	-0.113206	0.001640
-1.058560	-0.044381	0.014751
-1.039163	0.019397	0.005342
-1.018183	0.020980	0.010428
-0.913446	0.104738	0.010187
-0.781032	0.132413	0.011830
-0.641015	0.140018	0.012132
-0.477202	0.163813	0.008199
-0.230225	0.246977	0.010355
0.023396	0.253621	0.005178
0.251985	0.228589	0.007431
0.382275	0.130290	0.013429
0.494013	0.111738	0.009685
0.559567	0.065554	0.007262
0.612292	0.052725	0.012252
0.581288	-0.031004	0.010209
0.519617	-0.061672	0.012165
0.420056	-0.099560	0.007053
0.270051	-0.150006	0.011058
0.113848	-0.156203	0.002171
-0.122936	-0.236784	0.010426
-0.314414	-0.191478	0.003744
-0.498943	-0.184529	0.004884
-0.651585	-0.152642	0.010077
-0.771558	-0.119973	0.004696
-0.859878	-0.088320	0.009866
-0.932329	-0.072451	0.010938
-0.855662	0.076668	0.010882
-0.724824	0.130837	0.001184
-0.530252	0.194573	0.005944
-0.295716	0.234535	0.008556
-0.053213	0.242503	0.009499
0.260305	0.313518	0.004914
0.518178	0.257873	0.014140
0.769058	0.250880	0.007122
0.961759	0.192701	0.008365
1.063035	0.101276	0.013539
1.147912	0.084877	0.009824
1.224618	0.076706	0.009507
1.291725	0.067107	0.006546
1.341557	0.049832	0.009541
1.320748	-0.020808	0.004457
1.220030	-0.100718	0.010482
1.096859	-0.123171	0.006171
0.950972	-0.145888	0.009942
0.750580	-0.200391	0.011231
0.411901	-0.338679	0.007813
0.040048	-0.371853	0.007795
-0.364944	-0.404992	0.011490
-0.670432	-0.305487	0.010560
-0.868147	-0.197715	0.013945
-0.968119	-0.099972	0.011454
-1.022476	-0.054357	0.018300
-1.070669	-0.048193	0.014316
-1.045983	0.024686	0.010570
-0.891235	0.154748	0.007590
-0.715684	0.175551	0.011877
-0.526386	0.189298	0.014467
-0.251298	0.275087	0.015714
0.085959	0.337257	0.015525
0.398779	0.312821	0.005084
0.630662	0.231882	0.002407
0.818525	0.187863	0.010075
0.942849	0.124324	0.008343
0.924514	-0.018335	0.009893
0.876776	-0.047737	0.009770
0.785692	-0.091084	0.009027
0.637671	-0.148021	0.005944
0.418909	-0.218762	0.009770
0.123795	-0.295114	0.008031
-0.185639	-0.309435	0.005190
-0.442993	-0.257353	0.011968
-0.637066	-0.194073	0.008675
-0.825019	-0.187953	0.014718
-0.962654	-0.137635	0.008780
-1.096493	-0.133839	0.017653
-1.177514	-0.081021	0.008950
-1.239649	-0.062135	0.014433
-1.285853	-0.046204	0.002964
-1.318419	-0.032566	0.011257
-1.350037	-0.031618	0.013855
-1.307624	0.042413	0.015426
-1.252616	0.055007	0.008574
-1.061635	0.190981	0.014327
-0.741115	0.320520	0.008485
-0.385094	0.356020	0.012512
0.070678	0.455772	0.007866
0.499939	0.429262	0.003738
0.879465	0.379526	0.009474
1.181362	0.301897	0.014654
1.474912	0.293550	0.010619
1.690093	0.215182	0.009877
1.900446	0.210353	0.011893
2.094802	0.194356	0.017146
2.261705	0.166902	0.016222
2.343492	0.081787	0.022501
2.380317	0.036826	0.017372
2.359940	-0.020377	0.025002
2.312084	-0.047856	0.019213
2.231584	-0.080500	0.012081
2.067689	-0.163894	0.015730
1.893828	-0.173862	0.019578
1.694652	-0.199175	0.010961
1.433260	-0.261392	0.009448
1.109954	-0.323306	0.012888
0.750044	-0.359910	0.011006
0.343457	-0.406587	0.007147
-0.103013	-0.446470	0.013216
-0.477002	-0.373989	0.009641
-0.807827	-0.330825	0.008184
-1.136180	-0.328353	0.010196
-1.464079	-0.327899	0.005208
-1.752479	-0.288400	0.020223
-2.028915	-0.276436	0.016036
-2.303247	-0.274332	0.014419
-2.503539	-0.200292	0.010787
-2.597677	-0.094138	0.016376
-2.609768	-0.012091	0.017949
-2.518429	0.091339	0.016751
-2.402765	0.115664	0.011307
-2.273634	0.129131	0.013318
-2.109206	0.164428	0.012518
-1.893172	0.216033	0.016414
-1.638188	0.254984	0.007303
-1.335704	0.302484	0.015006
-1.013532	0.322173	0.009148
-0.616077	0.397455	0.007852
-0.170181	0.445896	0.015011
0.328376	0.498557	0.006984
0.801503	0.473127	0.010780
1.274128	0.472625	0.009305
1.739106	0.464978	0.016069
2.127877	0.388772	0.014644
2.501838	0.373961	0.029201
2.817576	0.315738	0.022778
3.129557	0.311981	0.016757
3.424313	0.294756	0.034548
3.710836	0.286523	0.029037
3.987797	0.276961	0.037041
4.203549	0.215752	0.029820
4.403239	0.199690	0.037742
4.579895	0.176657	0.039093
4.728551	0.148656	0.041673
4.835070	0.106519	0.049899
4.936061	0.100991	0.044659
5.002340	0.066279	0.042348
5.036510	0.034170	0.043608
5.040668	0.004158	0.049866
5.042553	0.001885	0.046748
5.009368	-0.033185	0.045229
4.905763	-0.103605	0.047176
4.695067	-0.210696	0.035855
4.355059	-0.340009	0.031284
4.002618	-0.352441	0.035581
3.606872	-0.395746	0.025297
3.211029	-0.395843	0.020276
2.767766	-0.443262	0.014910
2.246060	-0.521707	0.024653
1.695810	-0.550250	0.009387
1.103558	-0.592252	0.007975
0.459376	-0.644182	0.011858
-0.242819	-0.702195	0.007712
-0.903807	-0.660988	0.004164
-1.521786	-0.617979	0.009316
-2.048758	-0.526972	0.016648
-2.464445	-0.415687	0.018583
-2.842054	-0.377608	0.014145
-3.193803	-0.351750	0.019622
-3.519956	-0.326153	0.029410
-3.769815	-0.249859	0.030195
-3.944811	-0.174995	0.031504
-4.087024	-0.142213	0.033895
-4.195427	-0.108404	0.037523
-4.219844	-0.024417	0.029895
-4.095561	0.124283	0.029630
-3.916889	0.178671	0.027200
-3.640525	0.276364	0.024604
-3.232976	0.407549	0.026629
-2.756453	0.476523	0.021633
-2.231635	0.524818	0.021931
-1.686720	0.544915	0.012097
-1.110032	0.576688	0.007516
-0.513625	0.596407	0.009724
0.086917	0.600543	0.012299
0.617654	0.530737	0.014963
1.019917	0.402262	0.010022
1.410185	0.390268	0.009480
1.786987	0.376802	0.017996
2.152383	0.365396	0.015479
2.457927	0.305544	0.019021
2.715756	0.257829	0.025760
2.931562	0.215806	0.019806
3.119542	0.187980	0.019446
3.276719	0.157177	0.024232
3.396235	0.119516	0.033216
3.430722	0.034487	0.031629
3.464845	0.034123	0.028250
3.467191	0.002346	0.024289
3.384244	-0.082947	0.026157
3.184227	-0.200017	0.016824
2.972648	-0.211579	0.019009
2.654341	-0.318307	0.016497
2.298462	-0.355879	0.023300
1.932811	-0.365651	0.014093
1.497406	-0.435405	0.017159
1.004654	-0.492752	0.017709
0.451517	-0.553137	0.003902
-0.112564	-0.564082	0.010519
-0.612815	-0.500250	0.013446
-1.066511	-0.453696	0.007767
-1.510483	-0.443973	0.009148
-1.912983	-0.402499	0.015025
-2.258793	-0.345810	0.017745
-2.590071	-0.331278	0.020411
-2.877103	-0.287031	0.018571
-3.149816	-0.272713	0.019851
-3.373127	-0.223311	0.029598
-3.543517	-0.170390	0.023968
-3.691288	-0.147771	0.027089
-3.750655	-0.059367	0.033292
-3.695062	0.055593	0.028527
-3.624084	0.070977	0.028185
-3.479355	0.144729	0.028483
-3.282414	0.196941	0.022834
-2.917380	0.365034	0.022310
-2.526493	0.390887	0.019752
-2.115938	0.410555	0.017476
-1.684031	0.431907	0.010150
-1.204528	0.479502	0.007617
-0.667833	0.536695	0.013522
-0.088194	0.579639	0.016814
0.594669	0.682863	0.010086
1.254302	0.659633	0.013195
1.840272	0.585971	0.011058
2.336812	0.496540	0.019985
2.810947	0.474135	0.016802
3.268522	0.457576	0.024965
3.626416	0.357893	0.027201
3.952681	0.326265	0.030415
4.256791	0.304110	0.040409
4.466898	0.210107	0.040396
4.626294	0.159396	0.043038
4.775788	0.149495	0.050718
4.900745	0.124957	0.041470
4.974681	0.073935	0.047894
4.989471	0.014790	0.047088
4.947200	-0.042272	0.046382
4.897430	-0.049769	0.035998
4.776909	-0.120521	0.044988
4.598294	-0.178615	0.035249
4.402802	-0.195493	0.030079
4.155522	-0.247280	0.035425
3.862896	-0.292626	0.032085
3.465319	-0.397577	0.025223
3.030475	-0.434844	0.025360
2.450630	-0.579845	0.014300
1.829318	-0.621312	0.012309
1.078548	-0.750770	0.011467
0.312410	-0.766138	0.009486
-0.559424	-0.871834	0.004892
-1.321167	-0.761743	0.005890
-2.077655	-0.756488	0.013026
-2.792096	-0.714441	0.021639
-3.464938	-0.672842	0.036497
-4.130626	-0.665688	0.033358
-4.677025	-0.546399	0.042321
-5.120396	-0.443371	0.050552
-5.500458	-0.380061	0.056848
-5.814966	-0.314509	0.067355
-6.116871	-0.301904	0.063687
-6.404712	-0.287842	0.060605
-6.681509	-0.276797	0.069298
-6.875091	-0.193581	0.071120
-7.055521	-0.180430	0.074266
-7.190811	-0.135290	0.072035
-7.297993	-0.107182	0.076407
-7.401593	-0.103600	0.081115
-7.483435	-0.081843	0.077628
-7.536700	-0.053264	0.077254
-7.563857	-0.027158	0.082935
-7.576411	-0.012554	0.081759
-7.554205	0.022206	0.079683
-7.505744	0.048461	0.083002
-7.357212	0.148533	0.081337
-7.166227	0.190985	0.075908
-6.959459	0.206768	0.079819
-6.684903	0.274557	0.075184
-6.374131	0.310772	0.065077
-6.035553	0.338578	0.057001
-5.665886	0.369667	0.053926
-5.242579	0.423306	0.052129
-4.803422	0.439158	0.044881
-4.335703	0.467718	0.033574
-3.850673	0.485030	0.036370
-3.277007	0.573666	0.025994
-2.618334	0.658673	0.016682
-1.892480	0.725853	0.018002
-1.140704	0.751777	0.012359
-0.348208	0.792495	0.005305
0.491735	0.839944	0.008675
1.279836	0.788100	0.020864
1.955360	0.675525	0.009200
2.543986	0.588626	0.010466
3.116765	0.572778	0.022759
3.685839	0.569074	0.028093
4.183758	0.497919	0.036198
4.646805	0.463047	0.039999
5.047694	0.400889	0.049176
5.415149	0.367455	0.061685
5.653853	0.238704	0.048875
5.861656	0.207803	0.057207
6.033516	0.171859	0.057707
6.170539	0.137024	0.065410
6.274511	0.103972	0.067294
6.272886	-0.001626	0.062932
6.217941	-0.054945	0.063551
6.094493	-0.123448	0.064588
5.950375	-0.144117	0.068199
5.784088	-0.166288	0.057203
5.607972	-0.176115	0.055131
5.356117	-0.251856	0.047280
4.982946	-0.373170	0.040927
4.571739	-0.411208	0.042818
4.084766	-0.486973	0.032217
3.487177	-0.597589	0.028278
2.867999	-0.619178	0.023435
2.156483	-0.711516	0.016391
1.401939	-0.754544	0.010959
0.645216	-0.756723	0.007939
-0.138684	-0.783900	0.012249
-0.882055	-0.743371	0.018758
-1.576604	-0.694549	0.011897
-2.162190	-0.585586	0.017922
-2.686203	-0.524013	0.013679
-3.124027	-0.437823	0.023218
-3.561662	-0.437635	0.027856
-3.989580	-0.427918	0.033899
-4.282655	-0.293075	0.038994
-4.523309	-0.240655	0.041955
-4.725726	-0.202417	0.048873
-4.860066	-0.134339	0.037345
-4.979861	-0.119795	0.050277
-5.041332	-0.061471	0.048913
-5.067598	-0.026266	0.046335
-4.999458	0.068140	0.050767
-4.912396	0.087062	0.044513
-4.765443	0.146953	0.043347
-4.521720	0.243723	0.033982
-4.190250	0.331469	0.040446
-3.798586	0.391664	0.026515
-3.377716	0.420870	0.019012
-2.919985	0.457731	0.024672
-2.440941	0.479044	0.019612
-1.950534	0.490407	0.015228
-1.435976	0.514558	0.012474
-0.916855	0.519121	0.009456
-0.389552	0.527303	0.011960
0.178746	0.568297	0.009703
0.674854	0.496109	0.008147
1.147318	0.472464	0.011714
1.566160	0.418842	0.004181
1.964846	0.398686	0.004987
2.348656	0.383810	0.014297
2.716601	0.367944	0.022137
3.080112	0.363511	0.022776
3.359044	0.278932	0.031919
3.622080	0.263036	0.025132
3.872196	0.250117	0.037202
4.111358	0.239161	0.031084
4.345522	0.234164	0.040525
4.562782	0.217260	0.040974
4.647566	0.084785	0.043822
4.643221	-0.004346	0.038785
4.621358	-0.021863	0.042271
4.475443	-0.145914	0.042199
4.220316	-0.255127	0.030252
3.914903	-0.305413	0.029822
3.573316	-0.341587	0.023851
3.229780	-0.343536	0.013861
2.872057	-0.357723	0.019693
2.480639	-0.391418	0.013372
2.027642	-0.452997	0.016863
1.507283	-0.520358	0.011017
0.929353	-0.577930	0.005642
0.301673	-0.627680	0.009279
-0.435800	-0.737473	0.007242
-1.153080	-0.717280	0.009859
-1.799923	-0.646843	0.012251
-2.330081	-0.530158	0.019545
-2.854822	-0.524741	0.021232
-3.226652	-0.371830	0.027901
-3.578002	-0.351350	0.028586
-3.835055	-0.257053	0.032124
-4.032480	-0.197425	0.028263
-4.165282	-0.132802	0.030241
-4.231678	-0.066396	0.036670
-4.268235	-0.036556	0.031339
-4.208619	0.059616	0.033603
-4.024096	0.184523	0.031711
-3.746998	0.277097	0.031516
-3.424271	0.322727	0.030077
-3.076675	0.347596	0.021025
-2.639296	0.437379	0.022434
-2.163216	0.476080	0.015118
-1.675849	0.487367	0.014715
-1.164465	0.511384	0.005528
-0.611001	0.553464	0.012689
-0.045787	0.565214	0.008179
0.580891	0.626678	0.010960
1.148398	0.567507	0.010672
1.665652	0.517254	0.016113
2.163577	0.497925	0.011341
2.658425	0.494848	0.015659
3.140009	0.481583	0.023085
3.612490	0.472481	0.025439
3.885037	0.272547	0.029564
4.118048	0.233010	0.037041
4.252775	0.134728	0.026913
4.281224	0.028449	0.032711
4.243178	-0.038046	0.034110
4.197263	-0.045914	0.033278
4.131586	-0.065678	0.037675
4.052475	-0.079111	0.030683
3.894963	-0.157512	0.026680
3.696734	-0.198229	0.039455
3.440370	-0.256364	0.022801
3.123607	-0.316763	0.022395
2.773583	-0.350024	0.019962
2.358193	-0.415390	0.013523
1.847701	-0.510492	0.016732
1.234758	-0.612943	0.010968
0.594610	-0.640148	0.011202
-0.121557	-0.716167	0.005010
-0.749791	-0.628233	0.009811
-1.320800	-0.571010	0.017577
-1.817627	-0.496826	0.010054
-2.233735	-0.416108	0.015235
-2.616511	-0.382776	0.023668
-2.947291	-0.330780	0.023409
-3.186745	-0.239454	0.027751
-3.387445	-0.200700	0.025168
-3.547565	-0.160120	0.031224
-3.676071	-0.128506	0.036580
-3.773529	-0.097458	0.026063
-3.868366	-0.094837	0.031730
-3.932799	-0.064433	0.028862
-3.897464	0.035335	0.029730
-3.801660	0.095803	0.037048
-3.670419	0.131241	0.031787
-3.497143	0.173277	0.016668
-3.284403	0.212740	0.018093
-3.021725	0.262678	0.023058
-2.734071	0.287653	0.018360
-2.418665	0.315407	0.018534
-2.100566	0.318099	0.017947
-1.697151	0.403414	0.008891
-1.286344	0.410807	0.010945
-0.744388	0.541956	0.008621
-0.191182	0.553206	0.006134
0.362271	0.553452	0.010452
0.899399	0.537128	0.002183
1.337443	0.438044	0.013292
1.697287	0.359844	0.019161
2.016084	0.318797	0.014763
2.256285	0.240200	0.026336
2.470103	0.213818	0.020931
2.635008	0.164905	0.015984
2.685918	0.050909	0.019892
2.719125	0.033207	0.020039
2.737180	0.018055	0.019368
2.738475	0.001295	0.025359
2.736743	-0.001732	0.012038
2.600309	-0.136433	0.015172
2.400685	-0.199624	0.019006
2.135612	-0.265073	0.022713
1.812856	-0.322756	0.002302
1.364411	-0.448445	0.015792
0.869352	-0.495059	0.006029
0.237715	-0.631637	0.010103
-0.472199	-0.709914	0.007605
-1.090884	-0.618685	0.012005
-1.578626	-0.487742	0.010486
-2.022132	-0.443507	0.018729
-2.429781	-0.407649	0.017028
-2.789414	-0.359633	0.015065
-3.134230	-0.344816	0.021698
-3.432019	-0.297788	0.025152
-3.724003	-0.291984	0.031674
-3.996665	-0.272663	0.024504
-4.231361	-0.234696	0.027551
-4.388304	-0.156943	0.039477
-4.511289	-0.122986	0.040774
-4.559040	-0.047751	0.037635
-4.595876	-0.036836	0.043336
-4.591505	0.004371	0.036860
-4.576448	0.015057	0.031922
-4.528850	0.047599	0.034282
-4.413035	0.115814	0.025688
-4.262427	0.150608	0.036373
-4.059675	0.202753	0.034183
-3.777945	0.281730	0.029878
-3.423449	0.354495	0.022220
-3.066811	0.356639	0.022166
-2.581146	0.485665	0.015666
-1.985881	0.595264	0.014389
-1.309058	0.676824	0.011496
-0.603306	0.705751	0.006699
0.121875	0.725181	0.011295
0.753400	0.631526	0.013037
1.374175	0.620775	0.011912
1.987219	0.613043	0.015087
2.493308	0.506090	0.013410
2.910611	0.417303	0.019773
3.302054	0.391443	0.030590
3.633747	0.331693	0.030502
3.964109	0.330362	0.035909
4.214329	0.250220	0.033471
4.447226	0.232897	0.037181
4.648026	0.200800	0.045012
4.837453	0.189427	0.044123
4.968686	0.131233	0.050473
5.020946	0.052260	0.048497
4.962732	-0.058214	0.045633
4.902343	-0.060389	0.047734
4.807545	-0.094798	0.048123
4.659249	-0.148296	0.043013
4.459342	-0.199906	0.040971
4.187633	-0.271710	0.038743
3.910784	-0.276849	0.036717
3.555363	-0.355421	0.032257
3.192981	-0.362382	0.031767
2.814761	-0.378219	0.023103
2.397141	-0.417620	0.020769
1.975500	-0.421642	0.012768
1.540798	-0.434702	0.011596
1.062468	-0.478330	0.011116
0.532270	-0.530198	0.006554
-0.023149	-0.555419	0.011735
-0.481738	-0.458589	0.011025
-0.909178	-0.427440	0.015860
-1.275717	-0.366539	0.014846
-1.587130	-0.311413	0.016553
-1.891804	-0.304674	0.013899
-2.092321	-0.200517	0.008260
-2.240312	-0.147991	0.015554
-2.319638	-0.079327	0.017190
-2.378090	-0.058452	0.014562
-2.431823	-0.053733	0.014430
-2.477288	-0.045465	0.020254
-2.359383	0.117905	0.016702
-2.190848	0.168534	0.019641
-1.940611	0.250237	0.010548
-1.643723	0.296888	0.007266
-1.342803	0.300920	0.011976
-0.990577	0.352226	0.006309
-0.619319	0.371258	0.006245
-0.153946	0.465373	0.004041
0.391579	0.545525	0.009030
0.930604	0.539025	0.007705
1.448540	0.517936	0.015049
1.897552	0.449012	0.009951
2.331166	0.433614	0.016362
2.694829	0.363663	0.028749
3.054594	0.359764	0.029645
3.404622	0.350028	0.028916
3.728198	0.323576	0.030944
3.991649	0.263451	0.027912
4.225138	0.233488	0.033127
4.433032	0.207894	0.041071
4.607029	0.173996	0.039752
4.727302	0.120274	0.041278
4.818874	0.091572	0.038471
4.892582	0.073708	0.044398
4.905569	0.012987	0.043646
4.917902	0.012332	0.050865
4.884017	-0.033885	0.046270
4.784719	-0.099297	0.048311
4.648742	-0.135978	0.047224
4.501499	-0.147243	0.039788
4.268925	-0.232574	0.033295
3.878099	-0.390826	0.034310
3.442440	-0.435659	0.025366
2.996769	-0.445671	0.020056
2.466735	-0.530033	0.018322
1.935159	-0.531577	0.010832
1.398219	-0.536939	0.013130
0.825260	-0.572959	0.007017
0.236349	-0.588911	0.003483
-0.402979	-0.639328	0.012498
-1.015898	-0.612919	0.004961
-1.600687	-0.584789	0.013199
-2.131779	-0.531092	0.010374
-2.622002	-0.490223	0.017887
-3.091448	-0.469446	0.020720
-3.489171	-0.397723	0.027001
-3.811359	-0.322188	0.034452
-4.105083	-0.293725	0.026727
-4.246561	-0.141477	0.029530
-4.329105	-0.082545	0.031045
-4.408859	-0.079754	0.038640
-4.413039	-0.004180	0.038326
-4.416663	-0.003624	0.031534
-4.393693	0.022970	0.036285
-4.293898	0.099795	0.039939
-4.180177	0.113721	0.032685
-3.992750	0.187427	0.033397
-3.763741	0.229008	0.030630
-3.501510	0.262231	0.016744
-3.237214	0.264296	0.020209
-2.926904	0.310310	0.020351
-2.583378	0.343526	0.013031
-2.171288	0.412091	0.014897
-1.684632	0.486656	0.010536
-1.154315	0.530316	0.016614
-0.603964	0.550351	0.006174
-0.011388	0.592576	0.006822
0.653520	0.664908	0.011628
1.218082	0.564562	0.011685
1.693473	0.475391	0.013630
2.139945	0.446472	0.012467
2.528059	0.388115	0.014488
2.884599	0.356539	0.022499
3.199392	0.314793	0.021888
3.454904	0.255512	0.026685
3.644155	0.189251	0.026123
3.804542	0.160387	0.031832
3.959979	0.155437	0.037830
4.086899	0.126920	0.031819
4.212488	0.125589	0.032243
4.314397	0.101909	0.042285
4.361394	0.046996	0.034732
4.394744	0.033350	0.036704
4.425570	0.030826	0.040937
4.351151	-0.074419	0.032022
4.241270	-0.109881	0.038896
4.080659	-0.160611	0.036124
3.895583	-0.185076	0.029575
3.617465	-0.278119	0.029224
3.163417	-0.454047	0.022430
2.675761	-0.487656	0.022831
2.175771	-0.499990	0.015244
1.558312	-0.617459	0.010728
0.917030	-0.641281	0.006956
0.209382	-0.707648	0.010035
-0.595258	-0.804640	0.003961
-1.364312	-0.769054	0.009925
-2.055060	-0.690748	0.016660
-2.699202	-0.644142	0.023333
-3.337218	-0.638016	0.025882
-3.925527	-0.588309	0.035633
-4.420849	-0.495321	0.032291
-4.827900	-0.407051	0.047815
-5.233432	-0.405532	0.050215
-5.627730	-0.394298	0.057853
-6.016799	-0.389069	0.060581
-6.319144	-0.302345	0.066814
-6.615479	-0.296335	0.071972
-6.889335	-0.273856	0.069057
-7.152214	-0.262879	0.085492
-7.412368	-0.260154	0.080916
-7.662318	-0.249950	0.091965
-7.819286	-0.156968	0.084416
-7.901388	-0.082102	0.088547
-7.965489	-0.064101	0.092263
-8.007337	-0.041847	0.089687
-7.922042	0.085294	0.089608
-7.829660	0.092382	0.091660
-7.656758	0.172902	0.093667
-7.471400	0.185359	0.082387
-7.156572	0.314828	0.073549
-6.840389	0.316182	0.070518
-6.502751	0.337639	0.070423
-6.136498	0.366253	0.057168
-5.747585	0.388913	0.057024
-5.331136	0.416449	0.050680
-4.824382	0.506754	0.039610
-4.236207	0.588175	0.036542
-3.616101	0.620106	0.028302
-2.910181	0.705920	0.020334
-2.153693	0.756488	0.008044
-1.368965	0.784728	0.007876
-0.470099	0.898866	0.003641
0.512451	0.982550	0.006318
1.475664	0.963213	0.017098
2.429935	0.954271	0.022611
3.344626	0.914691	0.030188
4.193595	0.848970	0.038945
5.021798	0.828203	0.044029
5.780178	0.758379	0.059969
6.537040	0.756863	0.071427
7.261620	0.724580	0.086246
7.958330	0.696710	0.082095
8.602795	0.644465	0.084016
9.145265	0.542470	0.103706
9.639766	0.494501	0.095694
10.069484	0.429718	0.100170
10.369425	0.299941	0.100192
10.646694	0.277269	0.090866
10.884521	0.237827	0.097997
11.121124	0.236603	0.099849
11.306321	0.185197	0.094115
11.471763	0.165442	0.087671
11.598025	0.126262	0.093476
11.688321	0.090296	0.094586
11.757934	0.069613	0.090038
11.774725	0.016791	0.095958
11.775363	0.000638	0.094214
11.718059	-0.057305	0.090864
11.634020	-0.084038	0.090505
11.483559	-0.150461	0.097907
11.312572	-0.170987	0.088014
11.038107	-0.274466	0.090405
10.726888	-0.311218	0.094222
10.362814	-0.364075	0.099938
9.931967	-0.430847	0.093252
9.491663	-0.440303	0.107189
9.018251	-0.473412	0.097565
8.460845	-0.557406	0.093985
7.868428	-0.592417	0.084501
7.213735	-0.654693	0.076972
6.502037	-0.711698	0.064605
5.757235	-0.744801	0.049109
4.995325	-0.761911	0.042400
4.192132	-0.803193	0.028863
3.345778	-0.846353	0.029939
2.417994	-0.927785	0.017956
1.449904	-0.968090	0.007547
0.466171	-0.983732	0.017550
-0.571703	-1.037874	0.012708
-1.572314	-1.000611	0.011973
-2.540107	-0.967793	0.015205
-3.494042	-0.953935	0.020290
-4.446590	-0.952549	0.036944
-5.272072	-0.825481	0.046311
-6.061830	-0.789758	0.061859
-6.752654	-0.690825	0.068160
-7.403684	-0.651030	0.078167
-8.015860	-0.612176	0.093716
-8.592799	-0.576939	0.090153
-9.079582	-0.486783	0.088925
-9.551175	-0.471593	0.094211
-9.993330	-0.442155	0.101806
-10.396160	-0.402829	0.094661
-10.742693	-0.346533	0.093979
-10.984978	-0.242285	0.093377
-11.041735	-0.056757	0.096888
-11.082877	-0.041142	0.093935
-11.112678	-0.029801	0.093500
-11.015409	0.097269	0.098225
-10.859126	0.156283	0.101208
-10.633288	0.225838	0.098994
-10.343281	0.290007	0.103370
-10.036985	0.306296	0.102812
-9.653148	0.383838	0.107896
-9.198173	0.454974	0.093796
-8.568715	0.629458	0.090455
-7.892482	0.676234	0.088352
-7.168057	0.724425	0.075573
-6.405803	0.762254	0.064840
-5.610435	0.795368	0.050283
-4.711060	0.899375	0.044822
-3.713334	0.997726	0.030708
-2.681760	1.031575	0.016261
-1.587040	1.094720	0.015220
-0.450878	1.136162	0.005061
0.743160	1.194038	0.011377
1.922306	1.179146	0.016497
3.062780	1.140474	0.026101
4.065093	1.002313	0.034097
4.927776	0.862682	0.039589
5.768654	0.840878	0.059511
6.518334	0.749680	0.063258
7.217556	0.699222	0.074389
7.876480	0.658925	0.087468
8.415570	0.539090	0.091379
8.914991	0.499420	0.103232
9.401731	0.486740	0.100353
9.843333	0.441603	0.096649
10.247816	0.404483	0.102152
10.641771	0.393955	0.103377
10.960483	0.318712	0.096420
11.266109	0.305626	0.098866
11.496692	0.230583	0.084711
11.663977	0.167285	0.097976
11.821372	0.157395	0.084253
11.934904	0.113532	0.095890
12.041653	0.106749	0.089141
12.121906	0.080253	0.087498
12.170086	0.048180	0.079054
12.116791	-0.053295	0.094146
11.956982	-0.159808	0.088406
11.784351	-0.172631	0.091959
11.553525	-0.230826	0.096694
11.224107	-0.329419	0.094254
10.879547	-0.344560	0.094647
10.507119	-0.372427	0.103940
10.112251	-0.394868	0.100979
9.663434	-0.448818	0.099210
9.141345	-0.522089	0.093088
8.607460	-0.533885	0.094979
8.019513	-0.587948	0.095087
7.429652	-0.589861	0.080300
6.740489	-0.689162	0.075847
6.028332	-0.712158	0.061420
5.230319	-0.798013	0.048695
4.391940	-0.838379	0.032056
3.474895	-0.917045	0.029051
2.473326	-1.001569	0.014871
1.437008	-1.036319	0.012336
0.372786	-1.064222	0.008248
-0.777821	-1.150607	0.008219
-1.909088	-1.131266	0.015718
-2.978039	-1.068951	0.018121
-3.983537	-1.005498	0.033892
-4.959227	-0.975690	0.046525
-5.803186	-0.843959	0.053008
-6.597774	-0.794588	0.071097
-7.349312	-0.751538	0.082015
-7.974637	-0.625324	0.086682
-8.562100	-0.587464	0.093952
-9.115013	-0.552913	0.095422
-9.630014	-0.515000	0.100465
-10.101828	-0.471814	0.108032
-10.504063	-0.402235	0.105180
-10.888441	-0.384379	0.095889
-11.221592	-0.333151	0.093084
-11.540902	-0.319310	0.092720
-11.846481	-0.305579	0.088645
-12.124103	-0.277621	0.088321
-12.391017	-0.266915	0.087106
-12.614085	-0.223068	0.079058
-12.816870	-0.202785	0.079145
-12.916442	-0.099572	0.079063
-12.980773	-0.064331	0.073241
-12.975574	0.005199	0.070553
-12.873423	0.102150	0.077719
-12.738043	0.135380	0.079433
-12.458813	0.279230	0.087329
-12.126526	0.332287	0.086279
-11.738588	0.387938	0.097596
-11.293738	0.444851	0.094796
-10.807192	0.486545	0.094341
-10.253994	0.553198	0.105720
-9.534126	0.719868	0.101207
-8.810055	0.724072	0.098476
-7.994483	0.815571	0.087444
-7.122255	0.872229	0.079956
-6.183382	0.938873	0.063032
-5.172666	1.010716	0.049053
-4.039024	1.133642	0.031201
-2.884250	1.154774	0.019954
-1.669316	1.214934	0.012736
-0.365207	1.304108	0.016642
0.950589	1.315796	0.009512
2.257382	1.306793	0.023402
3.535420	1.278038	0.021651
4.781317	1.245897	0.035943
6.023314	1.241997	0.062273
7.165450	1.142136	0.082045
8.282015	1.116566	0.082207
9.221551	0.939535	0.104407
10.096110	0.874559	0.091537
10.888317	0.792208	0.096182
11.679738	0.791420	0.094405
12.375225	0.695487	0.080292
12.929670	0.554445	0.071315
13.451073	0.521403	0.068276
13.954588	0.503515	0.051001
14.359321	0.404733	0.055260
14.651302	0.291981	0.053923
14.905956	0.254654	0.046406
15.064503	0.158547	0.040902
15.189500	0.124998	0.039195
15.256863	0.067363	0.038230
15.180747	-0.076116	0.043411
15.023512	-0.157235	0.037727
14.840827	-0.182685	0.050220
14.552723	-0.288104	0.048061
14.156008	-0.396715	0.064547
13.642370	-0.513638	0.067789
13.108638	-0.533733	0.072030
12.439696	-0.668942	0.086158
11.734010	-0.705686	0.092641
10.866909	-0.867101	0.092841
9.941382	-0.925528	0.097322
8.980000	-0.961382	0.099679
7.884419	-1.095581	0.087174
6.745185	-1.139234	0.070178
5.580693	-1.164492	0.062679
4.400331	-1.180362	0.041083
3.128876	-1.271455	0.018437
1.850887	-1.277988	0.010487
0.509082	-1.341805	0.000924
-0.927510	-1.436592	0.016718
-2.347528	-1.420018	0.011587
-3.760378	-1.412850	0.030066
-5.096994	-1.336617	0.053043
-6.415548	-1.318554	0.071184
-7.668555	-1.253007	0.082805
-8.889405	-1.220851	0.093727
-10.106741	-1.217336	0.097623
-11.298623	-1.191882	0.097114
-12.459352	-1.160729	0.080814
-13.590748	-1.131396	0.063449
-14.692071	-1.101323	0.049010
-15.729853	-1.037781	0.033918
-16.735659	-1.005806	0.027763
-17.665530	-0.929872	0.015945
-18.499048	-0.833517	0.003509
-19.190665	-0.691617	0.007315
-19.807199	-0.616534	0.004803
-20.379544	-0.572345	0.006658
-18.379544	2.000000	0.010697
-16.349906	2.029638	0.028484
-14.305073	2.044833	0.054255
-12.175051	2.130022	0.084554
-9.958137	2.216913	0.105212
-7.675055	2.283082	0.088551
-5.296108	2.378947	0.049325
-2.867147	2.428961	0.016761
-0.365310	2.501837	0.009044
2.150675	2.515985	0.022564
4.651849	2.501174	0.036077
7.098597	2.446748	0.073383
9.506336	2.407739	0.102169
11.891874	2.385539	0.092910
14.253011	2.361137	0.058924
16.542614	2.289603	0.032685
18.777733	2.235119	0.004376
21.003137	2.225404	-0.003117
19.003137	-2.000000	0.009152
16.983614	-2.019523	0.018847
14.958162	-2.025452	0.048558
12.849589	-2.108573	0.082176
10.588855	-2.260734	0.096020
8.318971	-2.269884	0.094208
5.962767	-2.356205	0.058710
3.570206	-2.392561	0.024954
1.173408	-2.396798	0.011756
-1.231790	-2.405198	0.012213
-3.561656	-2.329866	0.023867
-5.799129	-2.237473	0.055310
-7.958756	-2.159628	0.084717
-10.100672	-2.141915	0.096304
-12.237198	-2.136526	0.080974
-14.348637	-2.111439	0.058921
-16.447375	-2.098738	0.022956
-18.533984	-2.086610	0.015560
-20.524919	-1.990934	-0.003435
-18.524919	2.000000	0.011118
-16.454315	2.070604	0.031971
-14.344876	2.109439	0.058369
-12.231083	2.113793	0.090455
-10.105544	2.125539	0.097715
-7.867303	2.238241	0.092982
-5.601852	2.265450	0.057066
-3.292384	2.309469	0.029090
-0.957534	2.334849	0.009826
1.399682	2.357216	0.010017
3.633580	2.233899	0.031614
5.860459	2.226878	0.061847
7.982326	2.121868	0.088991
10.089060	2.106734	0.099843
12.141796	2.052735	0.087602
14.125799	1.984003	0.056996
16.054584	1.928785	0.023635
17.975227	1.920643	0.012676
19.848249	1.873022	0.010170
